begin 0
    begin 1
    end
    begin 2
        2 107 1 "1"
        2 108 2 "2"
        2 109 3 "3"
        2 110 7 "7"
        2 111 8 "8"
        2 112 9 "9"
        2 113 12 "12"
        2 114 13 "13"
        2 115 14 "14"
        2 116 15 "15"
        2 117 16 "16"
        2 118 17 "17"
        2 119 4 "4"
        2 120 5 "5"
        2 121 6 "6"
        2 122 10 "10"
        2 123 11 "11"
        2 138 22 "3"
        2 143 10 "10"
        2 143 11 "11"
        2 146 4 "4"
        2 158 5 "5"
        2 223 21 "2"
        2 227 10 "10"
        2 227 11 "11"
        2 227 6 "6"
        2 233 10 "10"
        2 233 11 "11"
        2 235 4 "4"
        2 243 6 "6"
    end
    begin 3
    end
    begin 4
        4 37 1 "1"
        4 43 2 "2"
        4 49 3 "3"
        4 56 4 "4"
        4 62 5 "5"
        4 67 6 "6"
        4 73 7 "7"
        4 74 8 "8"
        4 75 9 "9"
        4 76 10 "10"
        4 77 11 "11"
        4 78 12 "12"
        4 79 13 "13"
        4 80 14 "14"
        4 81 15 "15"
        4 82 16 "16"
        4 83 17 "17"
        4 84 18 "18"
    end
end
